Deleted /user/hadoop/spark-sql/job_1
[JOB 1] Caricamento del dataset da HDFS: /user/hadoop/data/flights_50.csv
[JOB 1] Esecuzione della query SQL distribuita...
+---------+------------------+-----------+------------------+------------------+--------------------+-------------------+--------------------------+
|compagnia|aeroporto_partenza|numero_voli|ritardo_min_arrivo|ritardo_max_arrivo|ritardo_medio_arrivo|tasso_cancellazione|mesi_operativi            |
+---------+------------------+-----------+------------------+------------------+--------------------+-------------------+--------------------------+
|9E       |LGA               |16010      |-69.0             |935.0             |-2.76               |0.0357             |1,2,3,4,5,6,7,8,9,10,11,12|
|9E       |ATL               |13393      |-37.0             |1207.0            |2.43                |0.0111             |1,2,3,4,5,6,7,8,9,10,11,12|
|9E       |JFK               |8614       |-60.0             |994.0             |0.96                |0.0362             |1,2,3,4,5,6,7,8,9,10,11,12|
|9E       |DTW               |6277       |-46.0             |941.0             |0.05                |0.0094             |1,2,3,4,5,6,7,8,9,10,11,12|
|9E       |MSP               |3736       |-50.0             |832.0             |3.21                |0.0083             |1,2,3,4,5,6,7,8,9,10,11,12|
|9E       |CVG               |3305       |-56.0             |1035.0            |1.41                |0.0194             |1,2,3,4,5,6,7,8,9,10,11,12|
|9E       |RDU               |3189       |-47.0             |1018.0            |9.2                 |0.0245             |1,2,3,4,5,6,7,8,9,10,11,12|
|9E       |CLT               |1554       |-53.0             |1020.0            |9.56                |0.0393             |1,2,3,4,5,6,7,8,9,10,11,12|
|9E       |TYS               |1517       |-38.0             |781.0             |-4.82               |0.0158             |1,2,3,4,5,6,7,8,9,10,11,12|
|9E       |ROC               |1352       |-49.0             |1184.0            |-0.72               |0.0355             |1,2,3,4,5,6,7,8,9,10,11,12|
+---------+------------------+-----------+------------------+------------------+--------------------+-------------------+--------------------------+
only showing top 10 rows

[JOB 1] Calcolo completato in 7.73 secondi.
[JOB 1] Salvataggio dei risultati in HDFS: /user/hadoop/spark-sql/job_1
