Deleted /user/hadoop/spark-sql/job_1
[JOB 1] Caricamento del dataset da HDFS: /user/hadoop/data/flights_20.csv
[JOB 1] Esecuzione della query SQL distribuita...
+---------+------------------+-----------+------------------+------------------+--------------------+-------------------+--------------------------+
|compagnia|aeroporto_partenza|numero_voli|ritardo_min_arrivo|ritardo_max_arrivo|ritardo_medio_arrivo|tasso_cancellazione|mesi_operativi            |
+---------+------------------+-----------+------------------+------------------+--------------------+-------------------+--------------------------+
|9E       |LGA               |6404       |-69.0             |879.0             |-2.77               |0.0354             |1,2,3,4,5,6,7,8,9,10,11,12|
|9E       |ATL               |5422       |-33.0             |983.0             |3.14                |0.0111             |1,2,3,4,5,6,7,8,9,10,11,12|
|9E       |JFK               |3506       |-60.0             |994.0             |1.65                |0.0376             |1,2,3,4,5,6,7,8,9,10,11,12|
|9E       |DTW               |2548       |-42.0             |747.0             |0.27                |0.009              |1,2,3,4,5,6,7,8,9,10,11,12|
|9E       |MSP               |1538       |-50.0             |832.0             |3.76                |0.0052             |1,2,3,4,5,6,7,8,9,10,11,12|
|9E       |CVG               |1330       |-44.0             |363.0             |1.96                |0.0203             |1,2,3,4,5,6,7,8,9,10,11,12|
|9E       |RDU               |1313       |-47.0             |1018.0            |8.35                |0.0168             |1,2,3,4,5,6,7,8,9,10,11,12|
|9E       |CLT               |640        |-51.0             |1020.0            |6.57                |0.0406             |1,2,3,4,5,6,7,8,9,10,11,12|
|9E       |TYS               |618        |-36.0             |225.0             |-5.04               |0.0129             |1,2,3,4,5,6,7,8,9,10,11,12|
|9E       |ROC               |540        |-42.0             |303.0             |-2.15               |0.0426             |1,2,3,4,5,6,7,8,9,10,11,12|
+---------+------------------+-----------+------------------+------------------+--------------------+-------------------+--------------------------+
only showing top 10 rows

[JOB 1] Calcolo completato in 5.75 secondi.
[JOB 1] Salvataggio dei risultati in HDFS: /user/hadoop/spark-sql/job_1
